Testpositions from pybullet simulation:

Origin:
 simulation = np.array([
        -0.04962033801483967, 0.7540106309498033, -1.2809585946909632,
        -0.04962033801483945, 0.7540106309498033, 1.2809585946909632,
        -0.04962033801483967, -0.7540106309498033, -1.2809585946909632,
        -0.04962033801483945, -0.7540106309498033, 1.2809585946909632
        ])
 ros = [0. 0. 0. 0. 0. 0. 0. 0. 0. 0. 0. 0.]

 x_base  + 0.08:
    Action:
    [-0.04962034  0.74915788 -0.14153947 -0.04962034  0.74915788  0.14153947
     -0.04962034 -0.74915788 -0.14153947 -0.04962034 -0.74915788  0.14153947]
    Radians:
    [ 0.         -0.00485275  1.13941912  0.         -0.00485275 -1.13941912
      0.          0.00485275  1.13941912  0.          0.00485275 -1.13941912]
    no. of rotations:
    [ 0.         -0.00077236  0.18134953  0.         -0.00077236 -0.18134953
      0.          0.00077236  0.18134953  0.          0.00077236 -0.18134953]

 z_base + 0.08
    Action:
    [-0.027712    0.08161447 -0.14153947 -0.027712    0.08161447  0.14153947
     -0.027712   -0.08161447 -0.14153947 -0.027712   -0.08161447  0.14153947]
    Radians:
    [ 0.02190834 -0.67239616  1.13941912  0.02190834 -0.67239616 -1.13941912
      0.02190834  0.67239616  1.13941912  0.02190834  0.67239616 -1.13941912]
    no. of rotations:
    [ 0.00348692 -0.10701833  0.18134953  0.00348692 -0.10701833 -0.18134953
      0.00348692  0.10701833  0.18134953  0.00348692  0.10701833 -0.18134953]